WXSIM - Retrieved Data for Drammen - Konnerud  59,72  -10,17  853  13 Mar  2017  4:00a (local standard time)
 
                                                                                                     
13 Mar ---------------------------------------------------------------------------------------       
                                          Monday                                                     
                                                                                                     
  TIME      WEATHER        AIR   DEW   WCF   HT.I  LVL1 W.DIR VST  W.SP SKY  %RH  POP  THK       850T  TMAX  TMIN               PTOT SN.C VIS   SLP  TSMO UVI  WDIR L.CD G10M G1HR      DATE/TIME
 
 4:00a M.C.-CLD LT. FROST   0,7   0,3   0,7   0,7  -0,5  152   41    0   75   97    2  1299      -2,7   0,8   0,4                0,0 14,6   19  1020 -8,7  0,0  SSE   75    1    1      2017-03-13_03:00_UTC
No shower or thunderstorm activity expected...............................................           
 4:30a P.CLOUDY LT. FROST   0,4  -0,6  -2,6   0,4  -2,5  152   68    3   64   93    0  1297      -1,3   0,6   0,1                0,0 14,5   20  1022 -6,6  0,0  SSE    1    5    6      2017-03-13_03:30_UTC
 5:00a P.CLOUDY LIGHT FOG   0,0  -0,8  -3,1   0,0  -2,0  152   63    3   62   95    0  1297      -1,4   0,1  -0,3                0,0 14,5   14  1022 -6,5  0,0  SSE    1    5    6      2017-03-13_04:00_UTC
 5:30a P.CLOUDY LIGHT FOG  -0,4  -0,9  -3,5  -0,4  -1,6  152   60    3   60   96    0  1298      -1,5  -0,3  -0,7                0,0 14,5  9,6  1022 -6,2  0,0  SSE    1    5    5      2017-03-13_04:30_UTC
 6:00a P.CLOUDY LIGHT FOG  -0,7  -1,1  -3,9  -0,7  -1,2  152   58    2   57   97    0  1299      -1,5  -0,6  -1,0                0,0 14,5  7,5  1021 -5,9  0,0  SSE    1    4    5      2017-03-13_05:00_UTC
 6:30a P.CLOUDY LIGHT FOG  -0,9  -1,2  -4,1  -0,9  -0,9  152   56    2   55   98    0  1299      -1,6  -0,8  -1,2                0,0 14,5  5,9  1021 -5,7  0,0  SSE    1    4    5      2017-03-13_05:30_UTC
 7:00a P.CLOUDY LIGHT FOG  -1,1  -1,3  -4,4  -1,1  -0,7  152   53    2   53   99    0  1300      -1,7  -1,0  -1,4                0,0 14,5  4,3  1021 -5,5  0,0  SSE    1    4    5      2017-03-13_06:00_UTC
 7:30a P.CLOUDY LIGHT FOG  -1,2  -1,2  -4,5  -1,1  -0,6  152   52    3   59  100    0  1300      -1,8  -0,9  -1,4                0,0 14,5  4,4  1021 -5,4  0,0  SSE    8    4    5      2017-03-13_06:30_UTC
 8:00a P.CLOUDY LIGHT FOG  -1,0  -1,0  -4,4  -1,0  -0,6  152   53    3   68  100    0  1300      -1,9  -0,7  -1,3                0,0 14,4  6,6  1021 -5,3  0,1  SSE   18    4    5      2017-03-13_07:00_UTC
 8:30a M.CLOUDY LIGHT SNO  -0,7  -0,7  -4,3  -0,7  -0,8  152   40    3   81  100    1  1299      -2,1  -0,4  -0,9                0,0 14,4  0,6  1021 -5,5  0,1  SSE   45    5    5      2017-03-13_07:30_UTC
 9:00a M.CLOUDY LIGHT SNO  -0,1  -0,3  -3,7  -0,1  -1,1  198   44    3   84   98    1  1298      -2,1   0,4  -0,3                0,5 14,7  0,9  1021 -5,2  0,2  SSW   45    5    6      2017-03-13_08:00_UTC
 9:30a M.CLOUDY HEAVY DEW   0,7   0,1  -3,0   0,7  -0,7  198   50    3   87   96    1  1300      -2,3   1,1   0,4                0,8 14,9   21  1020 -4,6  0,4  SSW   48    6    6      2017-03-13_08:30_UTC
10:00a M.C.-CLD MOD. DEW    1,1   0,4  -2,6   1,1  -0,7  198   44    3   91   95    1  1300      -2,4   1,6   0,9                0,8 14,8   22  1020 -4,1  0,4  SSW   59    6    7      2017-03-13_09:00_UTC
10:30a M.C.-CLD MOD. DEW    1,5   0,7  -2,2   1,5  -0,7  198   42    4   92   94    1  1300      -2,4   2,1   1,3                0,8 14,7   23  1020 -3,8  0,5  SSW   62    6    7      2017-03-13_09:30_UTC
11:00a M.C.-CLD MOD. DEW    1,9   0,9  -1,9   1,9  -0,7  198   44    4   91   94    1  1301      -2,4   2,4   1,6                0,8 14,6   24  1020 -3,4  0,6  SSW   63    6    7      2017-03-13_10:00_UTC
11:30a M.C.-CLD LT. RN/SN   2,1   1,1  -1,6   2,1  -0,8  198   40    4   90   93    2  1301      -2,3   2,7   1,9                0,8 14,5   12  1020 -3,1  0,7  SSW   64    7    8      2017-03-13_10:30_UTC
12:00p M.C.-CLD LT. RN/SN   2,3   1,3  -1,5   2,3  -0,8  198   41    4   89   93    2  1301      -2,2   2,9   2,1                1,0 14,4   12  1019 -2,8  0,7  SSW   64    7    8      2017-03-13_11:00_UTC
12:30p M.C.-CLD MOD. DEW    2,5   1,5  -1,4   2,5  -0,6  198   45    4   88   94    2  1301      -2,2   3,1   2,2                1,0 14,3   25  1019 -2,5  0,8  SSW   65    7    8      2017-03-13_11:30_UTC
 1:00p M.C.-CLD MOD. DEW    2,7   1,7  -1,3   2,7  -0,1  198   45    4   87   93    2  1303      -1,6   3,3   2,5                1,0 14,1   26  1019 -2,2  0,8  SSW   65    7    8      2017-03-13_12:00_UTC
 1:30p M.C.-CLD MOD. DEW    2,9   1,8  -1,0   2,9  -0,2  198   44    4   88   93    2  1303      -2,0   3,5   2,7                1,0 14,0   27  1018 -1,9  0,7  SSW   69    7    8      2017-03-13_12:30_UTC
 2:00p M.C.-CLD MOD. DEW    3,1   2,0  -0,8   3,1  -0,1  198   42    4   89   93    2  1303      -2,0   3,7   2,9                1,0 13,9   27  1018 -1,8  0,6  SSW   73    7    8      2017-03-13_13:00_UTC
 2:30p CLOUDY   DRIZZLE     3,2   2,1  -0,5   3,2  -0,1  198   36    4   91   92    2  1304      -1,9   3,7   3,0                1,0 13,8   21  1017 -1,7  0,5  SSW   78    7    8      2017-03-13_13:30_UTC
 3:00p CLOUDY   DRIZZLE     3,2   2,1  -0,5   3,2   0,0  198   34    4   93   93    2  1304      -1,9   3,7   2,9                1,3 13,7   21  1017 -1,7  0,3  SSW   83    7    8      2017-03-13_14:00_UTC
 3:30p CLOUDY   LIGHT DEW   3,2   2,2  -0,4   3,2   0,1  198   33    4   94   93    3  1304      -1,9   3,6   3,0                1,3 13,5   25  1017 -1,7  0,2  SSW   88    7    8      2017-03-13_14:30_UTC
 4:00p CLOUDY   LIGHT DEW   3,2   2,2  -0,3   3,2   0,2  198   30    4   97   93    3  1304      -1,8   3,6   3,0                1,3 13,4   25  1017 -1,6  0,1  SSW   93    7    8      2017-03-13_15:00_UTC
 4:30p CLOUDY   LIGHT DEW   3,2   2,1  -0,2   3,2   0,3  198   31    4   96   93    3  1305      -1,8   3,5   3,0                1,3 13,3   25  1017 -1,6  0,1  SSW   94    6    7      2017-03-13_15:30_UTC
 5:00p CLOUDY   LIGHT DEW   3,1   2,1  -0,1   3,1   0,5  198   33    3   95   93    3  1305      -1,7   3,3   2,9                1,3 13,2   24  1017 -1,7  0,0  SSW   92    6    7      2017-03-13_16:00_UTC
 5:30p CLOUDY   DRIZZLE     2,9   2,0  -0,1   2,9   0,7  198   35    3   93   94    3  1306      -1,6   3,1   2,7                1,3 13,1   22  1016 -1,9  0,0  SSW   90    6    7      2017-03-13_16:30_UTC
 6:00p M.C.-CLD DRIZZLE     2,7   1,8  -0,2   2,6   0,9  198   36    3   91   94    2  1306      -1,5   2,8   2,4                1,5 13,1   19  1016 -2,1  0,0  SSW   89    5    6      2017-03-13_17:00_UTC
 6:30p M.C.-CLD LIGHT FOG   2,4   1,7  -0,2   2,4   1,2  198   36    3   89   95    2  1307      -1,4   2,5   2,2                1,5 13,0   16  1016 -2,2  0,0  SSW   87    5    5      2017-03-13_17:30_UTC
 7:00p M.C.-CLD LIGHT FOG   2,2   1,5  -0,2   2,2   1,5  198   35    2   86   95    2  1308      -1,3   2,3   1,9                1,5 12,9   11  1016 -2,4  0,0  SSW   85    4    5      2017-03-13_18:00_UTC
 7:30p M.CLOUDY LIGHT FOG   2,0   1,3  -0,2   2,0   1,7  198   43    2   77   95    2  1308      -1,3   2,1   1,7                1,5 12,9   12  1016 -2,7  0,0  SSW   76    4    5      2017-03-13_18:30_UTC
 8:00p P.-M.CLD LIGHT FOG   1,8   1,1  -0,4   1,8   1,7  198   51    2   66   95    1  1308      -1,2   1,9   1,5                1,5 12,8   12  1016 -3,1  0,0  SSW   62    4    4      2017-03-13_19:00_UTC
 8:30p P.CLOUDY LIGHT FOG   1,6   0,8  -0,7   1,6   1,8  198   59    2   56   94    1  1308      -1,2   1,7   1,2                1,5 12,8   12  1016 -3,4  0,0  SSW   47    4    4      2017-03-13_19:30_UTC
 9:00p P.CLOUDY LIGHT FOG   1,3   0,4  -0,9   1,3   0,7  264   65    2   47   94    0  1305      -1,1   1,5   1,0                1,5 12,7   12  1017 -4,1  0,0  W     33    4    5      2017-03-13_20:00_UTC
 9:30p FAIR-P.C LIGHT FOG   1,1   0,1  -1,1   1,1   1,1  264   72    2   39   93    0  1306      -1,1   1,3   0,8                1,5 12,7   14  1017 -3,8  0,0  W     19    4    4      2017-03-13_20:30_UTC
10:00p FAIR     LIGHT FOG   0,9  -0,1  -1,3   0,9   1,5  264   75    2   33   93    0  1307      -1,1   1,1   0,6                1,5 12,6   14  1017 -3,7  0,0  W      5    3    4      2017-03-13_21:00_UTC
10:30p FAIR     LIGHT FOG   0,7  -0,4  -1,6   0,7   1,8  264   74    2   38   93    0  1308      -0,9   0,9   0,4                1,5 12,6   14  1017 -3,7  0,0  W      1    3    4      2017-03-13_21:30_UTC
11:00p FAIR-P.C LIGHT FOG   0,5  -0,6  -1,9   0,5   2,1  264   72    2   47   92    0  1309      -0,6   0,7   0,2                1,5 12,6   14  1017 -3,8  0,0  W      1    3    4      2017-03-13_22:00_UTC
11:30p FAIR-P.C LIGHT FOG   0,4  -0,7  -2,1   0,4   2,4  264   71    2   55   92    0  1310      -0,3   0,6   0,1                1,5 12,5   15  1017 -3,9  0,0  W      1    3    4      2017-03-13_22:30_UTC
                                                                                                     
14 Mar ---------------------------------------------------------------------------------------       
                                          Tuesday                                                    
                                                                                                     
12:00a P.CLOUDY LIGHT FOG   0,4  -0,9  -2,2   0,4   2,6  264   70    2   63   91    0  1311      -0,1   0,5   0,0                1,5 12,5   16  1017 -4,0  0,0  W      1    3    4      2017-03-13_23:00_UTC
12:30a P.CLOUDY LT. FROST   0,3  -1,1  -2,4   0,3   2,9  264   71    2   70   90    0  1312       0,2   0,5  -0,1                1,5 12,5   20  1017 -4,2  0,0  W      1    3    4      2017-03-13_23:30_UTC
 1:00a P.CLOUDY LT. FROST   0,3  -1,2  -2,5   0,3   3,1  264   71    2   76   90    0  1313       0,5   0,4  -0,1                1,5 12,5   23  1017 -4,3  0,0  W      1    3    4      2017-03-14_00:00_UTC
 1:30a P.-M.CLD LT. FROST   0,3  -1,4  -2,5   0,3   3,3  264   74    2   78   89    0  1314       0,7   0,4  -0,2                1,5 12,5   26  1017 -4,3  0,0  W      1    3    4      2017-03-14_00:30_UTC
 2:00a P.-M.CLD LT. FROST   0,3  -1,5  -2,4   0,3   3,5  264   73    2   78   88    0  1315       0,9   0,4  -0,2                1,5 12,4   26  1017 -4,2  0,0  W      1    3    3      2017-03-14_01:00_UTC
 2:30a M.CLOUDY FRZ. DRZL   0,0  -1,6  -2,6   0,0   2,9  264   61    2   88   89    1  1314       1,1   0,1  -0,4                1,5 12,4   25  1017 -4,8  0,0  W     45    3    3      2017-03-14_01:30_UTC
 3:00a M.CLOUDY DRIZZLE     0,3  -1,5  -2,2   0,3   3,2  264   60    2   89   88    1  1315       1,2   0,4   0,0                1,5 12,4   26  1017 -4,6  0,0  W     45    3    3      2017-03-14_02:00_UTC
 3:30a P.-M.CLD SCTD.FROS   0,9  -1,4  -1,4   0,9   4,3  264   69    2   80   85    0  1318       1,3   1,0   0,4                1,5 12,4   26  1017 -3,9  0,0  W      1    3    3      2017-03-14_02:30_UTC
 4:00a P.-M.CLD SCTD.FROS   0,8  -1,4  -1,4   0,8   4,4  264   68    2   81   85    0  1318       1,4   0,9   0,3                1,5 12,3   26  1017 -3,9  0,0  W      1    3    3      2017-03-14_03:00_UTC
 4:30a P.-M.CLD SCTD.FROS   0,7  -1,4  -1,5   0,7   4,5  264   66    2   83   86    0  1318       1,4   0,8   0,2                1,5 12,3   27  1017 -3,9  0,0  W      5    3    3      2017-03-14_03:30_UTC
 5:00a M.CLOUDY SCTD.FROS   0,6  -1,4  -1,6   0,6   4,4  264   64    2   86   86    0  1318       1,4   0,7   0,1                1,5 12,3   27  1016 -3,9  0,0  W     11    3    3      2017-03-14_04:00_UTC
 5:30a M.C.-CLD DRIZZLE     0,2  -1,4  -2,0   0,2   3,5  264   49    2   92   89    1  1316       1,2   0,3  -0,1                1,5 12,3   24  1016 -4,4  0,0  W     45    3    3      2017-03-14_04:30_UTC
 6:00a M.C.-CLD LT. RN/SN   0,5  -1,2  -1,7   0,5   3,7  264   48    2   93   88    1  1317       1,2   0,6   0,3                1,5 12,2   17  1016 -4,4  0,0  W     45    3    3      2017-03-14_05:00_UTC
 6:30a M.C.-CLD SCTD.FROS   1,1  -1,1  -1,1   1,1   4,7  264   54    2   92   85    1  1319       1,1   1,2   0,7                1,5 12,2   27  1015 -4,1  0,0  W     29    3    3      2017-03-14_05:30_UTC
 7:00a M.C.-CLD SCTD.FROS   1,0  -1,3  -1,2   1,0   4,6  264   51    2   93   84    1  1319       1,0   1,2   0,7                1,5 12,2   27  1015 -4,1  0,0  W     35    3    3      2017-03-14_06:00_UTC
 7:30a M.C.-CLD HEAVY DEW   1,3  -0,9  -1,1   1,3   4,5  264   49    2   94   85    1  1319       1,1   1,6   1,0                1,5 12,1   27  1015 -4,0  0,0  W     39    3    3      2017-03-14_06:30_UTC
 8:00a M.C.-CLD HEAVY DEW   1,7  -0,4  -1,0   1,7   4,4  264   48    3   95   86    1  1319       1,4   2,0   1,4                1,5 12,1   27  1014 -3,8  0,1  W     41    4    4      2017-03-14_07:00_UTC
 8:30a CLOUDY   DRIZZLE     2,0   0,3  -1,0   2,0   3,7  264   44    3   96   88    1  1319       1,8   2,4   1,8                1,5 12,0   25  1014 -3,7  0,1  W     45    4    5      2017-03-14_07:30_UTC
 9:00a CLOUDY   DRIZZLE     2,7   1,0  -0,6   2,6   4,4  216   43    3   96   89    1  1321       2,1   3,1   2,4                1,5 11,9   25  1013 -3,0  0,2  SW    47    5    5      2017-03-14_08:00_UTC
 9:30a CLOUDY   HEAVY DEW   3,4   1,6   0,1   3,4   4,8  216   45    4   97   88    1  1322       2,4   3,8   3,2                1,5 11,7   27  1013 -2,8  0,4  SW    50    5    6      2017-03-14_08:30_UTC
10:00a CLOUDY   HEAVY DEW   3,9   2,1   0,4   3,9   4,6  216   43    4   98   88    1  1323       2,8   4,4   3,7                1,5 11,6   28  1012 -2,6  0,5  SW    53    6    6      2017-03-14_09:00_UTC
10:30a CLOUDY   HEAVY DEW   4,3   2,6   0,9   4,3   4,6  216   44    4   97   88    2  1323       2,7   4,8   4,1                1,5 11,4   28  1012 -2,5  0,6  SW    57    6    7      2017-03-14_09:30_UTC
11:00a CLOUDY   HEAVY DEW   4,8   3,0   1,4   4,8   4,6  216   45    4   97   89    2  1323       2,3   5,3   4,6                1,5 11,3   28  1012 -2,6  0,7  SW    63    6    7      2017-03-14_10:00_UTC
11:30a CLOUDY   HEAVY DEW   5,1   3,4   1,9   5,1   4,7  216   46    4   96   88    2  1323       1,9   5,7   4,9                1,5 11,1   27  1011 -2,7  0,8  SW    68    6    7      2017-03-14_10:30_UTC
12:00p CLOUDY   HEAVY DEW   5,4   3,7   2,2   5,4   4,7  216   45    4   95   89    2  1323       1,5   6,0   5,2                1,5 10,9   27  1011 -2,8  0,8  SW    74    6    7      2017-03-14_11:00_UTC
12:30p CLOUDY   HEAVY DEW   5,5   4,0   2,3   5,5   4,6  216   43    4   95   90    2  1322       1,2   6,1   5,3                1,5 10,7   27  1010 -3,1  0,8  SW    79    6    7      2017-03-14_11:30_UTC
 1:00p CLOUDY   MOD. DEW    5,6   4,1   2,4   5,6   4,6  216   40    4   96   90    2  1322       0,8   6,1   5,4                1,5 10,5   27  1010 -3,4  0,8  SW    85    6    7      2017-03-14_12:00_UTC
 1:30p M.C.-CLD MOD. DEW    5,7   4,1   2,5   5,6   4,6  216   47    4   93   90    2  1322       0,4   6,2   5,4                1,5 10,3   27  1009 -3,5  0,8  SW    78    7    7      2017-03-14_12:30_UTC
 2:00p M.CLOUDY HEAVY DEW   5,8   4,0   2,5   5,8   5,0  216   57    5   86   88    1  1323       0,6   6,3   5,6                1,5 10,1   27  1009 -3,3  0,8  SW    65    7    8      2017-03-14_13:00_UTC
 2:30p P.-M.CLD HEAVY DEW   5,8   3,8   2,5   5,8   4,7  216   66    5   79   87    1  1322      -0,2   6,4   5,6                1,5  9,9   27  1009 -2,9  0,8  SW    52    7    8      2017-03-14_13:30_UTC
 3:00p P.-M.CLD HEAVY DEW   5,9   3,5   2,5   5,9   4,5  216   74    5   71   85    1  1321      -0,5   6,4   5,7                1,5  9,7   27  1009 -2,7  0,7  SW    40    7    8      2017-03-14_14:00_UTC
 3:30p P.CLOUDY HEAVY DEW   5,9   3,3   2,4   5,9   4,3  216   81    5   61   83    0  1320      -0,8   6,3   5,7                1,5  9,5   28  1009 -2,4  0,5  SW    27    8    8      2017-03-14_14:30_UTC
 4:00p FAIR-P.C HEAVY DEW   5,8   3,1   2,3   5,8   4,0  216   87    5   51   83    0  1319      -1,1   6,1   5,6                1,5  9,2   28  1009 -2,1  0,3  SW    14    8    9      2017-03-14_15:00_UTC
 4:30p FAIR-P.C HEAVY DEW   5,6   3,0   2,0   5,6   3,7  216   88    5   46   83    0  1318      -1,2   5,9   5,4                1,5  9,1   28  1008 -1,9  0,2  SW    11    8    9      2017-03-14_15:30_UTC
 5:00p FAIR-P.C HEAVY DEW   5,3   2,9   1,5   5,3   3,4  216   89    5   43   84    0  1318      -1,2   5,5   5,1                1,5  8,9   29  1008 -1,6  0,1  SW    13    8    9      2017-03-14_16:00_UTC
 5:30p P.CLOUDY DRIZZLE     4,8   2,7   0,9   4,8   3,0  216   72    5   61   86    1  1317      -1,2   5,0   4,6                1,5  8,7   26  1008 -1,4  0,0  SW    45    8    9      2017-03-14_16:30_UTC
 6:00p P.CLOUDY DRIZZLE     4,5   2,7   0,6   4,5   2,9  216   73    5   59   88    1  1316      -1,3   4,7   4,3                1,5  8,6   26  1008 -0,9  0,0  SW    45    8    9      2017-03-14_17:00_UTC
 6:30p FAIR-P.C HEAVY DEW   4,2   2,6   0,2   4,2   2,8  216   89    5   36   89    0  1316      -1,3   4,3   4,1                1,5  8,5   30  1007 -0,5  0,0  SW    20    8    8      2017-03-14_17:30_UTC
 7:00p FAIR-P.C HEAVY DEW   3,7   2,5  -0,4   3,7   2,6  216   84    5   34   92    0  1315      -1,3   3,8   3,6                1,5  8,4   26  1007 -0,3  0,0  SW    22    8    8      2017-03-14_18:00_UTC
 7:30p FAIR-P.C HEAVY DEW   3,4   2,3  -0,9   3,4   2,5  216   82    5   34   92    0  1315      -1,4   3,5   3,2                1,5  8,3   24  1007 -0,2  0,0  SW    21    8    8      2017-03-14_18:30_UTC
 8:00p FAIR-P.C HEAVY DEW   3,1   2,1  -1,3   3,1   2,3  216   81    6   35   93    0  1314      -1,7   3,2   3,0                1,5  8,2   24  1007 -0,2  0,0  SW    19    8    9      2017-03-14_19:00_UTC
 8:30p P.CLOUDY DRIZZLE     2,9   1,9  -1,7   2,9   2,1  216   68    6   58   93    1  1313      -1,8   3,0   2,7                1,5  8,1   24  1006 -0,2  0,0  SW    45    8    9      2017-03-14_19:30_UTC
 9:00p P.-M.CLD DRIZZLE     3,1   1,8  -1,6   3,1   2,0  216   69    6   60   91    1  1313      -2,1   3,2   2,9                1,5  8,0   27  1006 -0,2  0,0  SW    45    8    9      2017-03-14_20:00_UTC
 9:30p FAIR-P.C HEAVY DEW   3,2   1,8  -1,6   3,2   2,0  216   83    6   40   90    0  1312      -2,4   3,3   3,0                1,5  7,9   30  1006 -0,3  0,0  SW    12    9   10      2017-03-14_20:30_UTC
10:00p FAIR-P.C HEAVY DEW   3,1   1,6  -1,8   3,1   1,9  216   82    7   42   90    0  1312      -2,6   3,2   2,9                1,5  7,8   30  1005 -0,3  0,0  SW     9    9   10      2017-03-14_21:00_UTC
10:30p FAIR-P.C HEAVY DEW   3,0   1,5  -2,0   3,0   1,9  216   83    7   39   90    0  1312      -2,8   3,1   2,8                1,5  7,7   30  1005 -0,4  0,0  SW     8    9   10      2017-03-14_21:30_UTC
11:00p FAIR-P.C HEAVY DEW   2,9   1,4  -2,0   2,9   1,8  216   85    7   33   90    0  1311      -2,9   3,0   2,8                1,5  7,7   30  1006 -0,4  0,0  SW     6    9   10      2017-03-14_22:00_UTC
11:30p FAIR     HEAVY DEW   2,8   1,2  -2,1   2,8   1,7  216   87    6   27   90    0  1311      -3,0   2,9   2,7                1,5  7,6   30  1006 -0,5  0,0  SW     5    9   10      2017-03-14_22:30_UTC
                                                                                                     
15 Mar ---------------------------------------------------------------------------------------       
                                          Wednesday                                                  
                                                                                                     
12:00a FAIR     HEAVY DEW   2,6   1,1  -2,3   2,6   1,7  216   89    6   20   89    0  1311      -3,1   2,8   2,5                1,5  7,5   29  1006 -0,5  0,0  SW     4    9    9      2017-03-14_23:00_UTC
12:30a CLR-FAIR HEAVY DEW   2,5   0,8  -2,4   2,4   1,6  216   95    6   14   89    0  1310      -3,2   2,6   2,4                1,5  7,4   36  1006 -0,5  0,0  SW     2    8    9      2017-03-14_23:30_UTC
 1:00a CLEAR    HEAVY DEW   2,2   0,6  -2,7   2,2   1,6  216   97    6    8   89    0  1310      -3,3   2,3   2,1                1,5  7,4   36  1006 -0,7  0,0  SW     1    8    9      2017-03-15_00:00_UTC
 1:30a CLEAR    HEAVY DEW   2,0   0,3  -3,0   2,0   1,5  216   97    6    5   89    0  1309      -3,3   2,1   1,9                1,5  7,3   36  1007 -0,9  0,0  SW     1    8    9      2017-03-15_00:30_UTC
 2:00a CLEAR    HEAVY DEW   1,7   0,1  -3,3   1,7   1,5  216   97    6    4   89    0  1309      -3,3   1,9   1,7                1,5  7,2   37  1006 -0,9  0,0  SW     0    8    9      2017-03-15_01:00_UTC
 2:30a CLEAR    HEAVY DEW   1,5  -0,2  -3,6   1,5   1,4  216   97    6    4   88    0  1309      -3,3   1,7   1,5                1,5  7,2   37  1006 -1,0  0,0  SW     0    8    9      2017-03-15_01:30_UTC
 3:00a CLEAR    HEAVY DEW   1,4  -0,4  -3,9   1,4   1,4  216   97    6    4   88    0  1309      -3,3   1,5   1,3                1,5  7,1   37  1006 -1,0  0,0  SW     0    8    9      2017-03-15_02:00_UTC
 3:30a CLEAR    HEAVY DEW   1,2  -0,6  -4,1   1,2   1,3  216   98    6    3   88    0  1309      -3,3   1,3   1,2                1,5  7,1   38  1006 -1,1  0,0  SW     0    8    9      2017-03-15_02:30_UTC
 4:00a CLEAR    HEAVY DEW   1,1  -0,8  -4,3   1,1   1,3  216   98    6    3   87    0  1309      -3,3   1,2   1,0                1,5  7,0   38  1006 -1,1  0,0  SW     0    9    9      2017-03-15_03:00_UTC
 4:30a CLEAR    HEAVY DEW   1,0  -1,0  -4,4   1,0   1,4  216   98    6    2   87    0  1309      -3,3   1,1   0,9                1,5  7,0   38  1006 -1,1  0,0  SW     0    8    9      2017-03-15_03:30_UTC
 5:00a CLEAR    HEAVY DEW   0,9  -1,2  -4,4   0,9   1,5  216   98    6    2   86    0  1309      -3,2   1,0   0,8                1,5  7,0   39  1006 -1,1  0,0  SW     0    8    9      2017-03-15_04:00_UTC
 5:30a CLEAR    HEAVY DEW   0,7  -1,3  -4,4   0,7   1,6  216   98    6    2   86    0  1309      -3,2   0,9   0,7                1,5  6,9   39  1006 -1,1  0,0  SW     0    8    8      2017-03-15_04:30_UTC
 6:00a CLEAR    HEAVY DEW   0,6  -1,5  -4,4   0,6   1,7  216   98    5    2   86    0  1309      -3,1   0,7   0,5                1,5  6,9   39  1006 -1,2  0,0  SW     0    7    8      2017-03-15_05:00_UTC
 6:30a CLEAR    HEAVY DEW   0,4  -1,7  -4,4   0,4   1,8  216   98    5    1   86    0  1309      -3,0   0,6   0,4                1,5  6,9   39  1007 -1,2  0,0  SW     0    7    7      2017-03-15_05:30_UTC
 7:00a CLEAR    HEAVY DEW   0,3  -1,8  -4,4   0,3   1,9  216   98    5    1   86    0  1309      -2,9   0,5   0,3                1,5  6,8   39  1007 -1,2  0,0  SW     0    6    7      2017-03-15_06:00_UTC
 7:30a CLEAR    HEAVY DEW   0,7  -1,6  -3,8   0,7   2,0  216   98    5    1   84    0  1310      -2,9   0,9   0,7                1,5  6,8   39  1007 -1,2  0,0  SW     0    6    7      2017-03-15_06:30_UTC
 8:00a CLEAR    HEAVY DEW   1,4  -1,0  -3,0   1,4   2,2  216   98    5    1   84    0  1311      -2,9   1,6   1,3                1,5  6,7   39  1008 -1,2  0,0  SW     0    6    7      2017-03-15_07:00_UTC
 8:30a CLEAR    HEAVY DEW   2,2  -0,3  -2,0   2,2   2,4  216   98    5    1   84    0  1311      -2,9   2,4   2,1                1,5  6,6   38  1008 -1,2  0,1  SW     0    7    7      2017-03-15_07:30_UTC
 9:00a CLEAR    HEAVY DEW   3,0   0,5  -0,9   3,0   2,5  216   98    5    1   83    0  1312      -2,8   3,2   3,0                1,5  6,5   38  1008 -1,2  0,2  SW     0    7    7      2017-03-15_08:00_UTC
 9:30a CLEAR    HEAVY DEW   3,8   1,2   0,0   3,8   2,6  216   98    5    1   83    0  1312      -2,8   4,0   3,7                1,5  6,3   37  1009 -1,2  0,4  SW     0    7    8      2017-03-15_08:30_UTC
10:00a CLEAR    HEAVY DEW   4,4   1,6   0,8   4,4   2,7  216   98    5    1   82    0  1313      -2,8   4,6   4,3                1,5  6,1   36  1009 -1,2  0,5  SW     0    7    8      2017-03-15_09:00_UTC
10:30a CLEAR    HEAVY DEW   4,8   1,9   1,3   4,8   2,7  216   97    5    1   82    0  1313      -2,8   5,0   4,7                1,5  5,9   35  1009 -1,3  0,6  SW     0    7    8      2017-03-15_09:30_UTC
11:00a CLEAR    HEAVY DEW   5,2   2,2   1,6   5,2   2,7  216   97    5    1   81    0  1313      -2,9   5,4   5,1                1,5  5,6   35  1010 -1,3  0,8  SW     0    7    8      2017-03-15_10:00_UTC
11:30a CLEAR    HEAVY DEW   5,5   2,3   1,9   5,5   2,7  216   97    5    1   80    0  1313      -3,0   5,7   5,4                1,5  5,4   34  1010 -1,4  0,9  SW     0    8    9      2017-03-15_10:30_UTC
12:00p CLEAR    HEAVY DEW   5,7   2,3   2,1   5,7   2,7  287   97    5    1   78    0  1313      -3,1   6,0   5,7                1,5  5,1   34  1010 -1,5  0,9  WNW    0    8    9      2017-03-15_11:00_UTC
12:30p CLEAR    HEAVY DEW   6,0   2,2   2,3   6,0   2,7  287   97    6    1   77    0  1313      -3,2   6,2   5,9                1,5  4,9   34  1011 -1,5  0,9  WNW    0    9   10      2017-03-15_11:30_UTC
 1:00p CLEAR    HEAVY DEW   6,2   2,1   2,5   6,2   2,7  287   97    6    1   75    0  1313      -3,3   6,4   6,2                1,5  4,6   34  1011 -1,6  0,9  WNW    0    9   10      2017-03-15_12:00_UTC
 1:30p CLEAR    HEAVY DEW   6,4   2,0   2,7   6,4   2,8  287   97    6    1   73    0  1313      -3,3   6,6   6,4                1,5  4,3   34  1011 -1,6  0,8  WNW    0    9   10      2017-03-15_12:30_UTC
 2:00p CLEAR    HEAVY DEW   6,6   1,9   3,0   6,6   3,3  287   97    6    1   72    0  1314      -3,2   6,8   6,5                1,5  4,0   34  1011 -1,7  0,7  WNW    0    9   10      2017-03-15_13:00_UTC
 2:30p CLEAR    HEAVY DEW   6,7   1,8   3,3   6,7   3,2  287   97    5    1   71    0  1314      -3,1   6,9   6,6                1,5  3,8   34  1012 -1,8  0,6  WNW    0    8   10      2017-03-15_13:30_UTC
 3:00p CLEAR    HEAVY DEW   6,7   1,7   3,4   6,7   3,2  287   97    5    1   70    0  1314      -3,0   6,9   6,7                1,5  3,5   33  1012 -1,8  0,5  WNW    0    8    9      2017-03-15_14:00_UTC
 3:30p CLEAR    HEAVY DEW   6,7   1,6   3,5   6,7   3,1  287   97    5    1   70    0  1314      -2,9   6,9   6,7                1,5  3,3   33  1012 -1,9  0,3  WNW    0    8    9      2017-03-15_14:30_UTC
 4:00p CLEAR    HEAVY DEW   6,5   1,4   3,4   6,5   3,0  287   97    5    1   70    0  1314      -2,9   6,7   6,5                1,5  3,0   33  1013 -2,1  0,2  WNW    0    8    9      2017-03-15_15:00_UTC
 4:30p CLEAR    HEAVY DEW   6,1   1,2   3,0   6,1   2,8  287   97    4    1   71    0  1313      -2,8   6,3   6,0                1,5  2,8   33  1013 -2,2  0,1  WNW    0    7    8      2017-03-15_15:30_UTC
 5:00p CLEAR    HEAVY DEW   5,5   1,0   2,5   5,5   2,7  287   97    4    1   73    0  1312      -2,9   5,7   5,4                1,5  2,6   32  1013 -2,3  0,0  WNW    0    7    8      2017-03-15_16:00_UTC
 5:30p CLEAR    HEAVY DEW   4,8   0,6   1,9   4,8   2,6  287   97    4    1   74    0  1312      -2,9   5,0   4,6                1,5  2,4   32  1013 -2,4  0,0  WNW    0    6    7      2017-03-15_16:30_UTC
 6:00p CLEAR    HEAVY DEW   4,3   0,2   1,6   4,3   3,5  242   97    3    1   75    0  1313      -2,9   4,5   4,0                1,5  2,3   31  1013 -2,5  0,0  WSW    0    5    6      2017-03-15_17:00_UTC
 6:30p CLEAR    HEAVY DEW   3,5  -0,2   1,0   3,5   3,3  242   97    3    1   77    0  1313      -2,9   3,7   3,2                1,5  2,2   31  1014 -2,7  0,0  WSW    0    4    5      2017-03-15_17:30_UTC
 7:00p CLEAR    SCTD.FROS   2,9  -0,4   0,7   2,9   3,1  242   97    2    1   78    0  1312      -3,0   3,1   2,5                1,5  2,1   30  1014 -2,9  0,0  WSW    0    4    5      2017-03-15_18:00_UTC
 7:30p CLEAR    LT. FROST   2,4  -0,7   0,2   2,4   2,8  242   97    2    4   80    0  1311      -3,1   2,6   1,9                1,5  2,0   29  1014 -3,1  0,0  WSW    2    4    4      2017-03-15_18:30_UTC
 8:00p CLEAR    LT. FROST   1,9  -0,8  -0,5   1,9   2,3  242   96    2    8   82    0  1309      -3,2   2,1   1,4                1,5  1,9   29  1014 -3,4  0,0  WSW    4    4    4      2017-03-15_19:00_UTC
 8:30p CLEAR    LT. FROST   1,5  -0,9  -1,1   1,5   1,8  242   95    2   12   84    0  1308      -3,3   1,7   1,1                1,5  1,9   28  1014 -3,7  0,0  WSW    6    4    5      2017-03-15_19:30_UTC
 9:00p CLR-FAIR MOD. FROS   1,2  -1,0  -1,6   1,2   1,5  242   95    3   16   85    0  1307      -3,4   1,4   0,8                1,5  1,8   28  1015 -3,8  0,0  WSW    8    4    5      2017-03-15_20:00_UTC
 9:30p CLR-FAIR MOD. FROS   1,0  -1,1  -2,1   1,0   1,2  242   94    3   19   86    0  1306      -3,5   1,2   0,6                1,5  1,8   28  1015 -4,1  0,0  WSW   11    5    5      2017-03-15_20:30_UTC
10:00p FAIR     LT. FROST   0,8  -1,2  -2,5   0,8   1,0  242   93    3   23   87    0  1306      -3,6   1,0   0,4                1,5  1,8   28  1015 -4,3  0,0  WSW   13    5    5      2017-03-15_21:00_UTC
10:30p FAIR     LT. FROST   0,7  -1,2  -2,8   0,7   0,9  242   92    3   29   87    0  1306      -3,7   0,9   0,3                1,5  1,7   28  1015 -4,4  0,0  WSW   14    5    6      2017-03-15_21:30_UTC
11:00p FAIR-P.C LT. FROST   0,6  -1,4  -2,9   0,6   0,9  242   91    3   36   86    0  1306      -3,7   0,8   0,2                1,5  1,7   29  1015 -4,5  0,0  WSW   16    5    6      2017-03-15_22:00_UTC
11:30p FAIR-P.C LT. FROST   0,6  -1,5  -3,0   0,6   1,0  242   89    3   42   86    0  1306      -3,7   0,7   0,1                1,5  1,7   29  1015 -4,6  0,0  WSW   17    5    6      2017-03-15_22:30_UTC
                                                                                                     
16 Mar ---------------------------------------------------------------------------------------       
                                          Thursday                                                   
                                                                                                     
12:00a FAIR-P.C LT. FROST   0,5  -1,6  -3,0   0,5   1,0  242   87    3   49   86    0  1306      -3,7   0,7   0,1                1,5  1,6   29  1015 -4,7  0,0  WSW   19    5    5      2017-03-15_23:00_UTC
12:30a P.CLOUDY LT. FROST   0,4  -1,7  -3,1   0,4   1,1  242   85    3   55   85    0  1306      -3,7   0,6   0,0                1,5  1,6   29  1016 -4,8  0,0  WSW   20    5    5      2017-03-15_23:30_UTC
 1:00a P.CLOUDY LT. FROST   0,4  -1,9  -3,2   0,4   1,1  242   83    3   61   85    0  1306      -3,7   0,6   0,0                1,5  1,5   30  1016 -4,9  0,0  WSW   21    5    5      2017-03-16_00:00_UTC
 1:30a P.CLOUDY LT. FROST   0,4  -2,0  -3,2   0,4   1,2  242   83    3   62   84    0  1307      -3,5   0,5  -0,1                1,5  1,5   30  1016 -4,8  0,0  WSW   20    5    5      2017-03-16_00:30_UTC
 2:00a P.CLOUDY LT. FROST   0,3  -2,2  -3,2   0,3   1,3  242   84    3   61   84    0  1307      -3,1   0,5  -0,1                1,5  1,5   30  1016 -4,5  0,0  WSW   17    5    5      2017-03-16_01:00_UTC
 2:30a P.CLOUDY LT. FROST   0,3  -2,3  -3,1   0,3   1,5  242   85    3   60   83    0  1308      -2,7   0,4  -0,2                1,5  1,5   31  1016 -4,2  0,0  WSW   14    4    5      2017-03-16_01:30_UTC
 3:00a P.CLOUDY LT. FROST   0,2  -2,4  -3,1   0,2   1,6  242   85    3   59   83    0  1309      -2,4   0,4  -0,3                1,5  1,4   31  1016 -4,0  0,0  WSW   11    4    5      2017-03-16_02:00_UTC
 3:30a P.CLOUDY LT. FROST   0,2  -2,5  -3,1   0,1   1,7  242   85    3   58   82    0  1310      -2,0   0,3  -0,3                1,5  1,4   31  1016 -3,9  0,0  WSW    8    4    5      2017-03-16_02:30_UTC
 4:00a P.CLOUDY LT. FROST   0,1  -2,6  -3,0   0,1   1,9  242   85    3   57   82    0  1310      -1,6   0,3  -0,4                1,5  1,4   31  1016 -3,6  0,0  WSW    5    4    4      2017-03-16_03:00_UTC
 4:30a P.CLOUDY LT. FROST   0,1  -2,6  -3,0   0,1   2,0  242   85    2   60   82    0  1311      -1,3   0,2  -0,5                1,5  1,4   31  1016 -3,6  0,0  WSW    7    4    4      2017-03-16_03:30_UTC
 5:00a P.CLOUDY LT. FROST   0,0  -2,7  -2,9   0,0   2,2  242   83    2   65   82    0  1312      -1,1   0,2  -0,5                1,5  1,3   31  1015 -3,5  0,0  WSW   11    4    4      2017-03-16_04:00_UTC
 5:30a P.CLOUDY LT. FROST   0,0  -2,8  -2,7   0,0   2,4  242   81    2   70   82    0  1313      -0,8   0,2  -0,6                1,5  1,3   32  1015 -3,5  0,0  WSW   15    3    4      2017-03-16_04:30_UTC
 6:00a P.CLOUDY LT. FROST   0,0  -2,8  -2,6   0,0   2,5  242   79    2   76   81    0  1313      -0,6   0,2  -0,6                1,5  1,3   32  1015 -3,5  0,0  WSW   18    3    4      2017-03-16_05:00_UTC
 6:30a P.CLOUDY LT. FROST   0,0  -2,8  -2,4   0,0   2,7  242   76    2   81   81    0  1314      -0,3   0,1  -0,6                1,5  1,3   32  1015 -3,5  0,0  WSW   22    3    3      2017-03-16_05:30_UTC
 7:00a P.-M.CLD LT. FROST   0,1  -2,8  -2,1   0,1   2,8  242   73    2   86   81    0  1315      -0,1   0,3  -0,4                1,5  1,3   31  1015 -3,6  0,0  WSW   26    3    3      2017-03-16_06:00_UTC
 7:30a P.-M.CLD HEAVY DEW   0,6  -2,2  -1,5   0,6   3,0  242   72    2   89   81    0  1315       0,1   0,9   0,1                1,5  1,2   31  1015 -3,4  0,0  WSW   26    3    3      2017-03-16_06:30_UTC
 8:00a P.-M.CLD HEAVY DEW   1,3  -1,3  -0,8   1,3   3,1  242   70    2   91   83    0  1316       0,3   1,6   0,9                1,5  1,2   31  1014 -3,1  0,1  WSW   24    3    4      2017-03-16_07:00_UTC
 8:30a P.-M.CLD HEAVY DEW   2,1  -0,4   0,1   2,1   3,3  242   69    2   93   84    0  1317       0,4   2,4   1,7                1,5  1,1   30  1014 -2,9  0,2  WSW   22    3    4      2017-03-16_07:30_UTC
 9:00a M.CLOUDY HEAVY DEW   2,8   0,6   0,9   2,8   3,4  242   67    2   95   85    0  1318       0,5   3,2   2,5                1,5  1,0   29  1014 -2,7  0,3  WSW   20    3    4      2017-03-16_08:00_UTC
 9:30a M.CLOUDY HEAVY DEW   3,5   1,3   1,6   3,4   3,5  242   65    2   97   86    0  1319       0,7   3,9   3,1                1,5  0,8   28  1013 -2,6  0,4  WSW   18    4    4      2017-03-16_08:30_UTC
10:00a M.CLOUDY HEAVY DEW   4,0   1,9   2,2   4,0   3,7  242   62    2   98   87    0  1320       0,9   4,4   3,7                1,5  0,7   27  1013 -2,5  0,5  WSW   16    4    4      2017-03-16_09:00_UTC
10:30a M.CLOUDY HEAVY DEW   4,5   2,5   2,6   4,5   3,7  242   61    2   98   87    0  1320       0,9   5,0   4,2                1,5  0,5   26  1012 -2,4  0,7  WSW   22    4    5      2017-03-16_09:30_UTC
11:00a M.CLOUDY HEAVY DEW   4,9   3,1   2,8   4,9   3,6  242   59    3   98   88    1  1320       0,7   5,5   4,7                1,5  0,3   26  1012 -2,3  0,8  WSW   32    5    6      2017-03-16_10:00_UTC
11:30a M.C.-CLD HEAVY DEW   5,4   3,5   3,0   5,4   3,5  242   57    3   97   88    1  1320       0,6   5,9   5,2                1,5  0,1   25  1012 -2,2  0,8  WSW   42    5    6      2017-03-16_10:30_UTC
12:00p M.C.-CLD HEAVY DEW   5,8   4,0   3,3   5,8   3,5  242   53    3   97   88    1  1320       0,5   6,4   5,7                1,5  0,0   25  1011 -2,1  0,8  WSW   52    6    7      2017-03-16_11:00_UTC
12:30p M.C.-CLD HEAVY DEW   6,3   4,3   3,6   6,3   3,4  242   49    4   97   87    1  1320       0,4   6,8   6,1                1,5  0,0   25  1011 -2,0  0,8  WSW   62    6    7      2017-03-16_11:30_UTC
 1:00p CLOUDY   HEAVY DEW   6,6   4,6   3,8   6,6   3,4  242   44    4   97   87    2  1320       0,3   7,2   6,4                1,5  0,0   25  1011 -1,8  0,7  WSW   72    7    8      2017-03-16_12:00_UTC
 1:30p CLOUDY   HEAVY DEW   6,8   4,9   3,9   6,8   3,3  242   43    4   97   87    2  1320       0,3   7,4   6,6                1,5  0,0   25  1010 -1,7  0,6  WSW   74    7    8      2017-03-16_12:30_UTC
 2:00p CLOUDY   HEAVY DEW   7,0   5,1   4,1   7,0   3,4  242   44    5   96   87    2  1321       0,5   7,6   6,8                1,5  0,0   25  1009 -1,5  0,6  WSW   73    8    9      2017-03-16_13:00_UTC
 2:30p CLOUDY   HEAVY DEW   7,2   5,3   4,2   7,2   3,4  242   44    5   96   87    2  1322       0,7   7,7   7,0                1,5  0,0   25  1009 -1,4  0,5  WSW   72    8    9      2017-03-16_13:30_UTC
 3:00p CLOUDY   HEAVY DEW   7,4   5,4   4,3   7,4   3,5  242   45    5   95   87    2  1322       0,9   7,9   7,2                1,5  0,0   25  1008 -1,2  0,4  WSW   71    8    9      2017-03-16_14:00_UTC
 3:30p CLOUDY   HEAVY DEW   7,5   5,5   4,4   7,5   3,5  242   45    5   95   87    2  1323       1,1   8,0   7,3                1,5  0,0   25  1008 -1,0  0,3  WSW   69    8   10      2017-03-16_14:30_UTC
 4:00p M.C.-CLD HEAVY DEW   7,5   5,5   4,3   7,5   3,5  242   46    5   94   87    2  1323       1,3   7,9   7,3                1,5  0,0   26  1007 -0,9  0,2  WSW   68    9   10      2017-03-16_15:00_UTC
 4:30p M.C.-CLD HEAVY DEW   7,3   5,4   4,0   7,3   3,5  242   48    5   93   88    2  1323       1,4   7,7   7,1                1,5  0,0   26  1007 -0,9  0,1  WSW   65    9   10      2017-03-16_15:30_UTC
 5:00p M.C.-CLD HEAVY DEW   7,1   5,2   3,7   7,1   3,4  242   51    6   91   88    2  1323       1,3   7,3   6,9                1,5  0,0   26  1006 -0,9  0,0  WSW   61    9   10      2017-03-16_16:00_UTC
 5:30p M.C.-CLD HEAVY DEW   6,7   4,9   3,3   6,7   3,3  242   54    6   89   88    1  1323       1,2   7,0   6,5                1,5  0,0   27  1006 -0,9  0,0  WSW   57    9   10      2017-03-16_16:30_UTC
 6:00p M.CLOUDY HEAVY DEW   6,3   4,6   2,7   6,3   3,3  242   57    6   87   89    1  1322       1,1   6,4   6,1                1,5  0,0   27  1005 -1,1  0,0  WSW   52    8    9      2017-03-16_17:00_UTC
 6:30p M.CLOUDY HEAVY DEW   5,8   4,4   2,1   5,8   3,2  242   60    6   85   90    1  1322       1,0   5,9   5,6                1,5  0,0   27  1005 -1,1  0,0  WSW   48    8    9      2017-03-16_17:30_UTC
 7:00p M.CLOUDY HEAVY DEW   5,5   4,2   1,7   5,4   3,1  242   63    6   83   92    1  1322       0,9   5,5   5,2                1,5  0,0   28  1004 -1,2  0,0  WSW   44    8    9      2017-03-16_18:00_UTC
 7:30p M.CLOUDY HEAVY DEW   5,2   4,0   1,3   5,1   3,0  242   61    5   83   92    1  1321       0,8   5,2   4,9                1,5  0,0   27  1004 -1,2  0,0  WSW   44    8    9      2017-03-16_18:30_UTC
 8:00p M.CLOUDY HEAVY DEW   4,9   3,9   1,0   4,9   3,0  242   58    5   84   93    1  1321       0,7   5,0   4,7                1,5  0,0   27  1003 -1,1  0,0  WSW   45    8    9      2017-03-16_19:00_UTC
 8:30p M.CLOUDY DRIZZLE     4,8   3,8   0,8   4,8   2,9  242   53    5   86   94    1  1321       0,6   4,8   4,6                1,5  0,0   25  1003 -1,0  0,0  WSW   47    8    9      2017-03-16_19:30_UTC
 9:00p M.C.-CLD DRIZZLE     4,8   3,8   0,8   4,8   2,9  242   52    5   87   93    2  1321       0,5   4,8   4,5                1,5  0,0   25  1002 -0,8  0,0  WSW   49    8    9      2017-03-16_20:00_UTC
 9:30p M.C.-CLD CHNC. DRZ   4,8   3,8   0,8   4,8   2,7  242   53    6   89   93    2  1320       0,4   4,8   4,6                1,5  0,0   27  1002 -0,7  0,0  WSW   50    8    9      2017-03-16_20:30_UTC
10:00p M.C.-CLD CHNC. DRZ   4,7   3,7   0,7   4,7   2,6  242   51    6   90   93    2  1320       0,2   4,8   4,5                1,5  0,0   27  1001 -0,6  0,0  WSW   52    8    9      2017-03-16_21:00_UTC
10:30p M.C.-CLD CHNC. DRZ   4,6   3,6   0,6   4,6   2,5  242   50    6   91   93    2  1319       0,0   4,7   4,4                1,5  0,0   27  1001 -0,5  0,0  WSW   51    8    9      2017-03-16_21:30_UTC
11:00p M.C.-CLD CHNC. DRZ   4,6   3,4   0,6   4,6   2,4  242   49    5   91   92    2  1319      -0,3   4,7   4,4                1,5  0,0   29  1001 -0,4  0,0  WSW   49    8    9      2017-03-16_22:00_UTC
11:30p M.C.-CLD DRIZZLE     4,5   3,3   0,6   4,5   2,3  242   46    5   92   91    2  1319      -0,7   4,6   4,3                1,5  0,0   26  1000 -0,3  0,0  WSW   46    8    9      2017-03-16_22:30_UTC
                                                                                                     
17 Mar ---------------------------------------------------------------------------------------       
                                          Friday                                                     
                                                                                                     
12:00a M.C.-CLD DRIZZLE     4,6   3,2   0,7   4,6   2,2  242   46    5   93   91    2  1318      -1,0   4,6   4,4                1,8  0,0   27  1000 -0,2  0,0  WSW   45    8    9      2017-03-16_23:00_UTC
12:30a M.C.-CLD CHNC. DRZ   4,6   3,0   0,8   4,6   2,0  242   48    5   94   90    2  1317      -1,3   4,6   4,4                1,8  0,0   32  1000 -0,1  0,0  WSW   42    8    9      2017-03-16_23:30_UTC
 1:00a M.C.-CLD CHNC. DRZ   4,4   2,8   0,7   4,4   1,9  242   47    5   95   89    3  1316      -1,7   4,5   4,2                1,8  0,0   32  1000 -0,1  0,0  WSW   40    8    9      2017-03-17_00:00_UTC
 1:30a M.C.-CLD CHNC. DRZ   4,3   2,5   0,6   4,3   1,8  242   52    5   93   88    2  1316      -2,0   4,4   4,1                1,8  0,0   32   999  0,0  0,0  WSW   35    7    8      2017-03-17_00:30_UTC
 2:00a M.CLOUDY CHNC. DRZ   4,1   2,2   0,4   4,1   1,6  242   59    5   91   87    2  1315      -2,2   4,2   3,9                1,8  0,0   32   999 -0,1  0,0  WSW   28    7    8      2017-03-17_01:00_UTC
 2:30a M.CLOUDY DRIZZLE     3,9   1,8   0,2   3,9   1,6  242   56    5   92   86    2  1314      -2,5   4,0   3,7                1,8  0,0   31   999 -0,2  0,0  WSW   45    7    8      2017-03-17_01:30_UTC
 3:00a M.CLOUDY DRIZZLE     3,8   1,5   0,1   3,8   1,4  242   59    4   91   85    1  1314      -2,7   3,9   3,6                1,8  0,0   32   999 -0,4  0,0  WSW   45    7    8      2017-03-17_02:00_UTC
 3:30a P.CLOUDY HEAVY DEW   3,7   1,2   0,0   3,7   1,1  242   76    4   84   84    0  1313      -3,0   3,8   3,5                1,8  0,0   33   999 -0,6  0,0  WSW    9    7    8      2017-03-17_02:30_UTC
 4:00a P.CLOUDY HEAVY DEW   3,3   0,8  -0,4   3,3   0,8  242   79    4   82   84    0  1311      -3,3   3,4   3,1                1,8  0,0   33   999 -0,8  0,0  WSW    2    7    8      2017-03-17_03:00_UTC
 4:30a P.CLOUDY HEAVY DEW   2,9   0,3  -0,9   2,9   0,6  242   80    4   80   83    0  1311      -3,5   3,0   2,7                1,8  0,0   33   999 -1,1  0,0  WSW    0    7    8      2017-03-17_03:30_UTC
 5:00a P.CLOUDY HEAVY DEW   2,5  -0,1  -1,4   2,5   0,3  242   81    4   78   83    0  1310      -3,7   2,6   2,3                1,8  0,0   34   999 -1,0  0,0  WSW    0    7    8      2017-03-17_04:00_UTC
 5:30a P.CLOUDY HEAVY DEW   2,1  -0,5  -1,8   2,1   0,1  242   82    4   76   83    0  1309      -3,9   2,3   2,0                1,8  0,0   34   999 -1,0  0,0  WSW    0    7    8      2017-03-17_04:30_UTC
 6:00a P.CLOUDY HEAVY DEW   1,8  -0,8  -2,2   1,8  -0,1  237   82    4   73   83    0  1308      -4,0   2,0   1,7                1,8  0,0   34   999 -1,0  0,0  WSW    0    7    8      2017-03-17_05:00_UTC
 6:30a P.CLOUDY HEAVY DEW   1,6  -0,9  -2,6   1,6  -0,3  237   83    4   71   83    0  1307      -4,2   1,7   1,4                1,8  0,0   35   999 -1,0  0,0  WSW    1    7    8      2017-03-17_05:30_UTC
 7:00a P.CLOUDY HEAVY DEW   1,5  -0,9  -2,7   1,5  -0,6  237   84    4   69   84    0  1306      -4,4   1,7   1,3                1,8  0,0   35  1000 -0,9  0,0  WSW    1    7    8      2017-03-17_06:00_UTC
 7:30a P.CLOUDY HEAVY DEW   1,8  -0,9  -2,5   1,8  -0,7  237   86    5   62   83    0  1306      -4,5   2,0   1,6                1,8  0,0   35  1000 -0,8  0,0  WSW    1    7    8      2017-03-17_06:30_UTC
 8:00a FAIR-P.C HEAVY DEW   2,3  -0,8  -2,0   2,3  -0,8  237   89    5   52   80    0  1306      -4,6   2,6   2,1                1,8  0,0   35  1000 -0,7  0,1  WSW    1    8    9      2017-03-17_07:00_UTC
 8:30a FAIR-P.C HEAVY DEW   2,9  -0,6  -1,4   2,9  -0,8  237   91    5   42   78    0  1306      -4,6   3,2   2,7                1,8  0,0   36  1000 -0,6  0,2  WSW    1    8    9      2017-03-17_07:30_UTC
 9:00a M.SUNNY  HEAVY DEW   3,6  -0,5  -0,7   3,6  -0,8  237   93    5   33   75    0  1306      -4,7   3,8   3,4                1,8  0,0   36  1000 -0,5  0,4  WSW    1    9   10      2017-03-17_08:00_UTC
 9:30a SUNNY    HEAVY DEW   4,0  -0,4  -0,2   4,0  -0,8  237   95    6   23   73    0  1306      -4,7   4,3   3,9                1,8  0,0   37  1000 -0,4  0,5  WSW    1    9   11      2017-03-17_08:30_UTC
10:00a CLEAR    HEAVY DEW   4,4  -0,3   0,1   4,4  -0,6  237   96    6   13   71    0  1307      -4,8   4,7   4,3                1,8  0,0   37  1000 -0,3  0,7  WSW    1   10   11      2017-03-17_09:00_UTC
10:30a CLEAR    HEAVY DEW   4,8  -0,3   0,6   4,8  -0,2  237   96    6   10   69    0  1308      -4,8   5,0   4,7                1,8  0,0   38   999 -0,2  0,9  WSW    1   10   11      2017-03-17_09:30_UTC
11:00a CLEAR    HEAVY DEW   5,2  -0,3   1,1   5,2   0,2  237   97    6   10   68    0  1308      -4,8   5,4   5,1                1,8  0,0   38   999 -0,2  1,0  WSW    1   10   11      2017-03-17_10:00_UTC
11:30a CLEAR    HEAVY DEW   5,5  -0,2   1,6   5,5   0,5  237   97    6   10   66    0  1309      -4,7   5,8   5,5                1,8  0,0   38   999 -0,2  1,1  WSW    2   10   11      2017-03-17_10:30_UTC
12:00p CLEAR    HEAVY DEW   5,8  -0,2   2,0   5,8   0,8  237   97    6   10   65    0  1310      -4,7   6,1   5,7                1,8  0,0   39   999 -0,2  1,2  WSW    2    9   11      2017-03-17_11:00_UTC
12:30p CLEAR    HEAVY DEW   6,1  -0,1   2,3   6,1   1,0  237   97    6   11   64    0  1310      -4,6   6,3   6,0                1,8  0,0   39   999 -0,2  1,2  WSW    2    9   11      2017-03-17_11:30_UTC
 1:00p CLEAR    HEAVY DEW   6,3  -0,1   2,6   6,3   1,2  237   97    6   11   64    0  1311      -4,6   6,6   6,2                1,8  0,0   39   998 -0,2  1,2  WSW    3    9   11      2017-03-17_12:00_UTC
 1:30p SUNNY    HEAVY DEW   6,5   0,1   2,9   6,5   1,7  237   95    6   19   64    0  1312      -4,5   6,8   6,4                1,8  0,0   39   998  0,1  1,1  WSW    7    9   10      2017-03-17_12:30_UTC
 2:00p FAIR-P.C HEAVY DEW   6,6   0,3   3,0   6,6   1,5  237   92    6   30   64    0  1311      -4,6   6,9   6,4                1,8  0,0   39   998  0,3  1,0  WSW   14    9   11      2017-03-17_13:00_UTC
 2:30p P.CLOUDY DRIZZLE     6,6   0,5   3,0   6,6   1,6  237   70    6   59   65    2  1312      -4,6   7,0   6,3                1,8  0,0   28   997  0,7  0,7  WSW   45    9   10      2017-03-17_13:30_UTC
Showers very unlikely.....................................................................           
 3:00p P.-M.CLD DRIZZLE     6,3   0,8   2,6   6,3   1,3  237   68    6   62   68    2  1311      -4,6   6,8   6,1                1,8  0,0   28   997  0,8  0,5  WSW   45    9   10      2017-03-17_14:00_UTC
 3:30p P.CLOUDY HEAVY DEW   6,1   1,0   2,4   6,1   0,8  237   76    6   59   70    2  1310      -4,7   6,5   5,8                1,8  0,0   40   996  0,7  0,4  WSW   34    9   11      2017-03-17_14:30_UTC
 4:00p P.-M.CLD CHNC. SHW   5,9   1,1   2,1   5,9   0,8  237   70    6   67   71    3  1310      -4,8   6,3   5,6                1,8  0,0   40   996  0,9  0,3  WSW   41    9   10      2017-03-17_15:00_UTC
 4:30p P.-M.CLD CHNC. SHW   5,5   1,1   1,8   5,5   0,7  237   69    5   69   73    3  1309      -4,8   5,9   5,3                1,8  0,0   40   996  0,8  0,1  WSW   44    9   10      2017-03-17_15:30_UTC
 5:00p P.-M.CLD CHNC. SHW   5,1   1,0   1,5   5,1   0,5  237   70    5   68   75    2  1309      -4,7   5,4   4,9                1,8  0,0   39   996  0,6  0,1  WSW   45    8   10      2017-03-17_16:00_UTC
 5:30p P.-M.CLD DRIZZLE     4,5   0,8   1,0   4,5   0,5  237   65    4   67   77    2  1308      -4,5   4,8   4,3                1,8  0,0   28   996  0,3  0,0  WSW   47    7    9      2017-03-17_16:30_UTC
No shower or thunderstorm activity expected...............................................           
 6:00p P.-M.CLD DRIZZLE     3,9   0,6   0,6   3,9   0,4  237   66    4   67   79    2  1308      -4,4   4,1   3,7                2,0  0,0   28   996  0,1  0,0  WSW   48    7    8      2017-03-17_17:00_UTC
 6:30p P.-M.CLD HEAVY DEW   3,4   0,5   0,2   3,4   0,1  237   72    3   68   82    1  1307      -4,3   3,5   3,1                2,0  0,0   38   996 -0,2  0,0  WSW   49    6    7      2017-03-17_17:30_UTC
 7:00p P.-M.CLD HEAVY DEW   2,8   0,5   0,0   2,8   0,2  237   71    3   69   84    1  1307      -4,1   3,0   2,5                2,0  0,0   37   996 -0,5  0,0  WSW   51    5    7      2017-03-17_18:00_UTC
 7:30p P.-M.CLD HEAVY DEW   2,5   0,4  -0,2   2,4   0,2  237   71    3   71   86    1  1307      -4,0   2,6   2,1                2,0  0,0   36   996 -0,6  0,0  WSW   47    5    6      2017-03-17_18:30_UTC
 8:00p P.-M.CLD HEAVY DEW   2,1   0,4  -0,3   2,1   0,1  237   71    2   75   88    1  1307      -3,9   2,3   1,8                2,0  0,0   35   996 -0,6  0,0  WSW   42    5    6      2017-03-17_19:00_UTC
 8:30p P.-M.CLD HEAVY DEW   1,9   0,4  -0,3   1,9   0,1  237   69    2   79   89    1  1306      -3,8   2,1   1,6                2,0  0,0   34   996 -0,6  0,0  WSW   37    4    5      2017-03-17_19:30_UTC
 9:00p M.CLOUDY CH. SNW/R   1,7   0,3  -0,3   1,7   0,1  237   61    2   84   90    1  1306      -3,7   1,9   1,4                2,0  0,0   27   996 -0,6  0,0  WSW   32    4    5      2017-03-17_20:00_UTC
 9:30p M.CLOUDY CH. SNW/R   1,6   0,3  -0,2   1,6   0,1  237   56    2   88   91    2  1306      -3,6   1,7   1,3                2,0  0,0   24   995 -0,7  0,0  WSW   26    4    4      2017-03-17_20:30_UTC
10:00p M.C.-CLD CH. SNW/R   1,5   0,3   0,0   1,5   0,1  237   50    1   92   92    2  1306      -3,5   1,6   1,2                2,0  0,0   22   995 -0,7  0,0  WSW   21    3    4      2017-03-17_21:00_UTC
10:30p M.C.-CLD CH. SNW/R   1,5   0,4   0,1   1,4   0,0  237   44    1   94   93    3  1306      -3,5   1,6   1,2                2,0  0,0   20   995 -0,6  0,0  WSW   26    3    4      2017-03-17_21:30_UTC
11:00p M.C.-CLD CH. SNW/R   1,4   0,5   0,3   1,4  -0,2  237   40    1   96   93    3  1306      -3,7   1,5   1,2                2,0  0,0   18   995 -0,5  0,0  WSW   36    3    4      2017-03-17_22:00_UTC
11:30p CLOUDY   LT. SNW/R   1,5   0,6   0,4   1,5  -0,1  237   32    1   97   94    3  1306      -3,9   1,5   1,3                2,0  0,0  3,7   994 -0,3  0,0  WSW   46    3    4      2017-03-17_22:30_UTC
                                                                                                     
18 Mar ---------------------------------------------------------------------------------------       
                                          Saturday                                                   
                                                                                                     
12:00a CLOUDY   LT. SNW/R   1,5   0,7   0,6   1,5   0,6  185   29    1   98   95    4  1307      -4,2   1,6   1,3                2,0  0,0  3,8   994  0,1  0,0  S     56    3    3      2017-03-17_23:00_UTC
12:30a CLOUDY   PR. SNW/R   1,6   0,9   0,9   1,6   0,0  185   27    1   99   95    5  1305      -4,4   1,6   1,3                2,3  0,0   17   994  0,0  0,0  S     66    3    4      2017-03-17_23:30_UTC
 1:00a DNS.OVCS PR. RN/SN   1,7   0,9   1,1   1,7  -0,3  185   23    1   99   95    5  1305      -4,6   1,7   1,5                2,3  0,0   18   993  0,0  0,0  S     76    3    4      2017-03-18_00:00_UTC
 1:30a DNS.OVCS PR. RN/SN   1,8   1,0   1,5   1,8  -0,5  185   21    1  100   94    6  1304      -4,8   1,9   1,6                2,3  0,0   19   993  0,0  0,0  S     81    2    3      2017-03-18_00:30_UTC
 2:00a DNS.OVCS PR. RN/SN   1,9   1,0   1,8   1,9  -0,8  185   19    1  100   94    6  1304      -4,9   1,9   1,7                2,3  0,0   20   993  0,0  0,0  S     85    2    3      2017-03-18_01:00_UTC
 2:30a DNS.OVCS LT. RN/SN   1,9   1,0   1,9   1,9  -0,7  185   16    1  100   94    6  1304      -5,0   1,9   1,7                2,3  0,0  5,2   993  0,1  0,0  S     88    2    3      2017-03-18_01:30_UTC
 3:00a DNS.OVCS LT. SNW/R   1,5   0,9   1,5   1,5  -1,2  112   14    1  100   96    7  1303      -5,0   1,5   1,3                2,8  0,0  1,4   992 -0,2  0,0  ESE   92    2    2      2017-03-18_02:00_UTC
 3:30a DNS.OVCS PR. SNW/R   1,2   0,8   1,2   1,2  -1,9  112   13    0  100   97    7  1301      -5,2   1,2   1,0                3,3  0,1   16   992 -0,3  0,0  ESE   95    1    2      2017-03-18_02:30_UTC
 4:00a DNS.OVCS PR. SNW/R   1,3   0,8   1,3   1,3  -1,9  112   12    0  100   96    8  1301      -5,2   1,3   1,1                3,3  0,0   17   992 -0,3  0,0  ESE   99    1    2      2017-03-18_03:00_UTC
 4:30a DNS.OVCS PR. SNW/R   1,4   0,8   1,4   1,4  -2,1  112   12    0  100   96    8  1301      -5,3   1,4   1,2                3,3  0,0   19   992 -0,3  0,0  ESE   99    1    2      2017-03-18_03:30_UTC
 5:00a DNS.OVCS PR. SNW/R   1,5   0,8   1,5   1,5  -2,3  112   14    0  100   95    7  1300      -5,4   1,5   1,3                3,3  0,0   19   992 -0,4  0,0  ESE   98    2    2      2017-03-18_04:00_UTC
 5:30a DNS.OVCS LT. SNW/R   1,5   0,7   1,5   1,5  -2,0  112   14    1  100   94    7  1300      -5,4   1,5   1,3                3,3  0,0  2,6   992 -0,4  0,0  ESE   96    2    3      2017-03-18_04:30_UTC
 6:00a DNS.OVCS LT. SNW/R   1,2   0,5   1,2   1,2  -4,8    2   15    1  100   95    7  1295      -5,4   1,2   1,0                3,6  0,0  2,3   992 -1,5  0,0  N     94    3    5      2017-03-18_05:00_UTC
 6:30a DNS.OVCS PROB. SNO   0,9   0,2   0,7   0,9  -4,3    2   17    1  100   95    7  1296      -5,6   0,9   0,7                3,8  0,1   15   992 -1,1  0,0  N     93    3    5      2017-03-18_05:30_UTC
 7:00a DNS.OVCS PROB. SNO   0,9   0,2   0,4   0,9  -3,9    2   18    1   99   95    6  1296      -5,7   1,1   0,7                3,8  0,0   16   992 -1,1  0,0  N     91    3    5      2017-03-18_06:00_UTC
 7:30a DNS.OVCS PROB. SNO   1,0   0,2   0,4   1,0  -3,8    2   22    1   99   94    6  1296      -5,7   1,2   0,7                3,8  0,0   17   992 -1,2  0,0  N     89    3    5      2017-03-18_06:30_UTC
 8:00a CLOUDY   CHNC. SNO   1,1   0,2   0,8   1,1  -3,7    2   27    1   97   94    5  1296      -5,7   1,4   0,9                3,8  0,0   18   992 -1,2  0,0  N     86    3    4      2017-03-18_07:00_UTC
 8:30a CLOUDY   LT. SNW/R   1,3   0,3   1,3   1,3  -3,2    2   31    1   94   93    4  1297      -5,7   1,7   1,1                3,8  0,0  5,7   991 -1,2  0,1  N     84    3    4      2017-03-18_07:30_UTC
 9:00a CLOUDY   LT. SNW/R   1,5   0,5   1,4   1,4  -3,2    2   35    1   91   93    3  1297      -5,7   1,9   1,2                3,8  0,0  5,9   991 -1,3  0,2  N     81    2    4      2017-03-18_08:00_UTC
 9:30a M.C.-CLD CH. SNW/R   1,7   0,5   1,6   1,6  -3,6    2   43    1   87   92    3  1297      -5,8   2,2   1,4                4,1  0,0   22   991 -1,4  0,3  N     78    2    3      2017-03-18_08:30_UTC
10:00a M.C.-CLD HEAVY DEW   1,9   0,6   1,9   1,9  -3,1    2   49    0   82   91    2  1298      -5,7   2,5   1,7                4,1  0,0   24   991 -1,3  0,5  N     75    2    3      2017-03-18_09:00_UTC
10:30a M.CLOUDY HEAVY DEW   2,2   0,7   2,2   2,2  -2,8    2   57    0   77   90    2  1298      -5,7   2,9   2,0                4,1  0,0   25   991 -1,3  0,6  N     70    2    3      2017-03-18_09:30_UTC
11:00a M.CLOUDY HEAVY DEW   2,6   0,8   2,6   2,6  -2,5    2   62    0   72   88    2  1299      -5,7   3,3   2,4                4,1  0,0   25   991 -1,2  0,8  N     62    1    2      2017-03-18_10:00_UTC
11:30a P.-M.CLD DRIZZLE     3,0   1,0   2,9   2,9  -1,8    2   63    0   67   87    1  1301      -5,7   3,6   2,7                4,1  0,0   24   990 -1,0  0,9  N     55    1    2      2017-03-18_10:30_UTC
12:00p P.-M.CLD DRIZZLE     3,4   1,2   3,4   3,4   1,6   95   68    0   62   85    2  1307      -5,8   4,1   3,2                4,1  0,0   24   990 -0,2  1,0  E     48    1    2      2017-03-18_11:00_UTC
12:30p P.CLOUDY HEAVY DEW   3,8   1,3   3,8   3,8   0,6   95   77    0   58   84    1  1305      -5,9   4,5   3,6                4,1  0,0   25   990 -0,5  1,1  E     41    2    3      2017-03-18_11:30_UTC
 1:00p P.CLOUDY HEAVY DEW   4,2   1,4   4,1   4,1   0,0   95   81    1   53   82    1  1304      -5,8   4,8   4,0                4,1  0,0   25   989 -0,6  1,1  E     34    2    3      2017-03-18_12:00_UTC
 1:30p P.CLOUDY HEAVY DEW   4,4   1,4   4,4   4,4  -0,5   95   79    1   58   81    1  1304      -5,8   5,0   4,2                4,1  0,0   25   989 -0,7  1,0  E     34    3    4      2017-03-18_12:30_UTC
 2:00p P.-M.CLD HEAVY DEW   4,6   1,4   4,6   4,6  -0,4   95   74    1   66   80    1  1304      -5,7   5,2   4,4                4,1  0,0   25   988 -0,6  0,9  E     38    3    4      2017-03-18_13:00_UTC
 2:30p P.-M.CLD DRIZZLE     4,7   1,4   4,7   4,7   0,0   95   63    1   75   79    2  1305      -5,6   5,3   4,5                4,1  0,0   23   988 -0,5  0,7  E     45    3    4      2017-03-18_13:30_UTC
 3:00p M.CLOUDY DRIZZLE     4,7   1,4   4,7   4,7   0,8  144   60    1   80   79    3  1306      -5,7   5,3   4,5                4,1  0,0   23   988 -0,2  0,5  SE    45    2    3      2017-03-18_14:00_UTC
 3:30p M.CLOUDY CHNC. DRZ   4,6   1,4   4,6   4,6  -0,4  144   59    1   85   80    3  1304      -5,8   5,2   4,4                4,1  0,0   25   987 -0,5  0,4  SE    49    2    4      2017-03-18_14:30_UTC
 4:00p M.C.-CLD CHNC. DRZ   4,6   1,4   4,6   4,6  -0,5  144   54    1   89   80    3  1304      -5,7   5,1   4,4                4,1  0,0   25   987 -0,5  0,2  SE    53    3    4      2017-03-18_15:00_UTC
 4:30p M.C.-CLD CHNC. DRZ   4,6   1,5   4,6   4,6  -0,6  144   49    1   91   80    4  1304      -5,7   5,0   4,3                4,1  0,0   25   987 -0,5  0,1  SE    58    3    4      2017-03-18_15:30_UTC
 5:00p CLOUDY   CHNC. DRZ   4,4   1,4   4,4   4,4  -0,7  144   45    1   93   81    4  1304      -5,6   4,7   4,2                4,1  0,0   25   986 -0,4  0,1  SE    62    3    4      2017-03-18_16:00_UTC
 5:30p CLOUDY   DRIZZLE     4,0   1,3   4,0   4,0  -0,3  144   37    1   95   83    5  1304      -5,5   4,3   3,8                4,1  0,0   21   986 -0,2  0,0  SE    67    2    4      2017-03-18_16:30_UTC
 6:00p CLOUDY   DRIZZLE     3,5   1,3   3,5   3,5  -0,8  144   33    1   96   86    6  1303      -5,6   3,7   3,3                4,3  0,0   21   986 -0,3  0,0  SE    72    2    3      2017-03-18_17:00_UTC
 6:30p CLOUDY   PROB. DRZ   3,0   1,3   3,0   3,0  -1,7  144   32    1   97   88    6  1301      -5,6   3,1   2,8                4,3  0,0   25   985 -0,3  0,0  SE    77    2    3      2017-03-18_17:30_UTC
 7:00p DNS.OVCS PROB. DRZ   2,8   1,3   2,8   2,8  -1,8  144   28    1   98   90    7  1301      -5,5   2,9   2,6                4,3  0,0   25   985 -0,3  0,0  SE    81    2    3      2017-03-18_18:00_UTC
 7:30p DNS.OVCS PROB. DRZ   2,6   1,2   2,6   2,6  -1,9  144   26    1   99   91    7  1301      -5,4   2,7   2,4                4,3  0,0   25   985 -0,2  0,0  SE    83    2    3      2017-03-18_18:30_UTC
 8:00p DNS.OVCS PROB. DRZ   2,5   1,2   2,5   2,5  -2,0  144   26    0   99   92    7  1301      -5,3   2,5   2,3                4,3  0,0   25   984 -0,2  0,0  SE    83    2    3      2017-03-18_19:00_UTC
 8:30p DNS.OVCS LT. RN/SN   2,3   1,2   2,3   2,3  -1,6  144   23    0   99   93    7  1301      -5,2   2,3   2,1                4,6  0,0  8,0   984  0,0  0,0  SE    84    1    2      2017-03-18_19:30_UTC
 9:00p DNS.OVCS LT. RN/SN   1,9   1,1   1,9   1,9  -1,9  144   22    0   99   94    7  1301      -5,2   1,9   1,7                4,8  0,0  7,5   984 -0,1  0,0  SE    84    1    1      2017-03-18_20:00_UTC
 9:30p DNS.OVCS PR. RN/SN   1,6   1,0   1,6   1,6  -2,6  144   23    0   99   95    8  1300      -5,2   1,7   1,4                5,1  0,0   20   983 -0,2  0,0  SE    84    1    1      2017-03-18_20:30_UTC
10:00p DNS.OVCS PR. RN/SN   1,7   1,0   1,7   1,7  -2,5  144   23    0   99   95    8  1300      -5,0   1,7   1,5                5,1  0,0   20   983  0,0  0,0  SE    84    1    1      2017-03-18_21:00_UTC
10:30p DNS.OVCS PR. RN/SN   1,7   1,1   1,7   1,7  -2,5  144   24    0   98   96    8  1300      -5,0   1,8   1,5                5,1  0,0   20   982  0,0  0,0  SE    84    1    1      2017-03-18_21:30_UTC
11:00p DNS.OVCS PR. RN/SN   1,8   1,1   1,8   1,8  -2,6  144   25    0   98   95    8  1300      -5,0   1,8   1,6                5,1  0,0   20   982  0,0  0,0  SE    83    1    1      2017-03-18_22:00_UTC
11:30p DNS.OVCS LT. RN/SN   1,8   1,1   1,8   1,8  -2,0  144   24    0   98   95    7  1301      -4,9   1,8   1,6                5,1  0,0   11   982  0,1  0,0  SE    83    1    1      2017-03-18_22:30_UTC
                                                                                                     
19 Mar ---------------------------------------------------------------------------------------       
                                          Sunday                                                     
                                                                                                     
12:00a CLOUDY   LT. RN/SN   1,7   1,0   1,7   1,7  -4,4  297   24    0   97   95    7  1297      -5,0   1,7   1,5                5,1  0,0  9,9   981 -0,9  0,0  WNW   82    1    1      2017-03-18_23:00_UTC
12:30a CLOUDY   PR. SNW/R   1,6   0,9   1,6   1,6  -4,0  297   27    0   97   96    7  1298      -5,0   1,6   1,3                5,3  0,0   17   981 -0,4  0,0  WNW   81    1    1      2017-03-18_23:30_UTC
 1:00a CLOUDY   PR. SNW/R   1,6   0,9   1,6   1,6  -3,3  297   28    0   96   96    7  1299      -4,9   1,6   1,3                5,3  0,0   17   980 -0,3  0,0  WNW   81    1    1      2017-03-19_00:00_UTC
 1:30a CLOUDY   PR. SNW/R   1,5   0,9   1,5   1,5  -3,2  297   32    0   94   95    6  1299      -4,9   1,6   1,3                5,3  0,0   16   980 -0,3  0,0  WNW   75    1    1      2017-03-19_00:30_UTC
 2:00a M.C.-CLD PR. SNW/R   1,5   0,8   1,5   1,5  -3,2  297   38    0   90   95    5  1299      -4,9   1,6   1,3                5,3  0,0   16   980 -0,4  0,0  WNW   67    1    1      2017-03-19_01:00_UTC
 2:30a M.C.-CLD LT. SNW/R   1,4   0,8   1,4   1,4  -2,7  297   42    0   85   95    4  1300      -4,8   1,5   1,2                5,3  0,0  6,8   980 -0,4  0,0  WNW   58    1    1      2017-03-19_01:30_UTC
 3:00a M.CLOUDY LT. SNW/R   1,4   0,7   1,4   1,4  -1,8   85   48    0   79   95    4  1302      -4,6   1,5   1,2                5,3  0,0  7,1   979  0,0  0,0  E     50    1    1      2017-03-19_02:00_UTC
 3:30a P.-M.CLD CH. SNW/R   1,4   0,7   1,4   1,4  -2,6   85   57    0   72   95    3  1300      -5,0   1,6   1,2                5,3  0,0   15   979 -0,4  0,0  E     41    1    1      2017-03-19_02:30_UTC
 4:00a P.CLOUDY CH. SNW/R   1,3   0,6   1,3   1,3  -2,6   85   60    0   64   95    2  1301      -4,9   1,4   1,0                5,3  0,0   13   979 -0,5  0,0  E     33    1    1      2017-03-19_03:00_UTC
 4:30a P.CLOUDY CH. SNW/R   1,1   0,5   1,1   1,1  -2,7   85   60    0   64   95    2  1300      -4,9   1,2   0,8                5,3  0,0   12   978 -0,6  0,0  E     31    1    1      2017-03-19_03:30_UTC
 5:00a P.-M.CLD CHNC. SNO   1,0   0,4   1,0   1,0  -2,8   85   57    0   68   96    2  1300      -5,0   1,1   0,7                5,3  0,0   12   978 -0,6  0,0  E     34    1    1      2017-03-19_04:00_UTC
 5:30a P.-M.CLD SN. FLURR   0,8   0,3   0,8   0,8  -2,4   85   48    0   76   96    2  1301      -4,9   1,0   0,6                5,3  0,0  2,1   978 -0,6  0,0  E     45    1    1      2017-03-19_04:30_UTC
 6:00a M.CLOUDY SN. FLURR   0,8   0,3   0,8   0,8  -2,6   85   48    0   78   96    3  1300      -5,0   0,9   0,6                5,3  0,0  2,2   978 -0,7  0,0  E     45    1    2      2017-03-19_05:00_UTC
 6:30a P.-M.CLD CHNC. SNO   0,8   0,3   0,8   0,8  -3,2   85   51    0   78   97    3  1299      -5,2   0,9   0,6                5,3  0,0   11   978 -0,8  0,0  E     40    1    2      2017-03-19_05:30_UTC
 7:00a M.CLOUDY CHNC. SNO   0,9   0,5   0,9   0,9  -3,2   85   50    0   81   97    3  1299      -5,1   1,1   0,7                5,3  0,0   12   978 -0,8  0,0  E     43    1    2      2017-03-19_06:00_UTC
 7:30a M.CLOUDY CHNC. SNO   1,0   0,5   1,0   1,0  -3,2   85   47    0   84   97    3  1299      -5,2   1,3   0,8                5,3  0,0   11   978 -0,8  0,0  E     45    2    2      2017-03-19_06:30_UTC
 8:00a M.CLOUDY CH. SNW/R   1,1   0,7   1,1   1,1  -3,2   85   45    0   86   97    4  1300      -5,1   1,5   0,9                5,3  0,0   11   978 -0,8  0,1  E     48    2    3      2017-03-19_07:00_UTC
 8:30a M.C.-CLD LT. SNW/R   1,3   0,8   1,3   1,3  -2,7   85   36    0   89   97    4  1300      -5,0   1,7   1,1                5,3  0,0  1,6   978 -0,6  0,1  E     52    2    3      2017-03-19_07:30_UTC
 9:00a M.C.-CLD LT. SNW/R   1,3   1,0   1,3   1,3  -2,8   85   33    1   91   98    4  1300      -5,0   1,7   1,1                5,8  0,0  1,5   978 -0,6  0,2  E     55    2    3      2017-03-19_08:00_UTC
 9:30a M.C.-CLD PR. SNW/R   1,3   1,0   1,3   1,3  -3,4   85   35    1   92   98    5  1299      -5,1   1,8   1,1                6,1  0,1  9,1   978 -0,6  0,3  E     58    2    3      2017-03-19_08:30_UTC
10:00a CLOUDY   PR. SNW/R   1,5   1,1   1,4   1,4  -3,2   85   33    1   94   98    5  1300      -5,0   2,0   1,2                6,1  0,0  9,6   978 -0,5  0,4  E     61    2    4      2017-03-19_09:00_UTC
10:30a CLOUDY   PR. RN/SN   1,7   1,2   1,7   1,7  -3,1   85   34    1   95   97    6  1300      -4,9   2,3   1,5                6,1  0,0   12   978 -0,5  0,5  E     63    2    4      2017-03-19_09:30_UTC
11:00a CLOUDY   PR. RN/SN   2,0   1,3   2,0   2,0  -2,9   85   35    1   95   95    6  1300      -4,8   2,6   1,8                6,1  0,0   16   978 -0,3  0,6  E     64    3    4      2017-03-19_10:00_UTC
11:30a CLOUDY   LT. RN/SN   2,2   1,3   2,2   2,2  -2,1   85   32    1   96   94    6  1302      -4,6   2,9   2,0                6,1  0,0  8,9   978 -0,1  0,6  E     66    3    4      2017-03-19_10:30_UTC
12:00p CLOUDY   LT. RN/SN   2,3   1,4   2,1   2,3  -2,3   85   31    1   96   94    6  1301      -4,6   2,9   2,1                6,4  0,0  8,8   978 -0,1  0,6  E     67    3    4      2017-03-19_11:00_UTC
12:30p CLOUDY   PROB. DRZ   2,4   1,5   2,1   2,4  -2,8   85   33    1   97   94    6  1301      -4,7   3,1   2,2                6,4  0,0   20   978 -0,1  0,6  E     68    3    5      2017-03-19_11:30_UTC
 1:00p CLOUDY   PROB. DRZ   2,7   1,5   2,2   2,7  -2,3   85   34    1   97   92    7  1302      -4,4   3,4   2,5                6,4  0,0   24   978  0,0  0,6  E     70    3    5      2017-03-19_12:00_UTC
 1:30p CLOUDY   PROB. DRZ   3,0   1,6   2,5   3,0  -2,0   85   36    1   97   91    7  1302      -4,3   3,6   2,8                6,4  0,0   27   977  0,1  0,6  E     69    3    5      2017-03-19_12:30_UTC
 2:00p CLOUDY   PROB. DRZ   3,3   1,7   2,8   3,3  -1,8   85   38    1   97   89    7  1303      -4,3   3,9   3,1                6,4  0,0   27   977  0,2  0,6  E     68    3    5      2017-03-19_13:00_UTC
 2:30p CLOUDY   DRIZZLE     3,5   1,7   3,2   3,5  -1,0   85   36    1   96   88    7  1304      -4,1   4,1   3,3                6,4  0,0   21   977  0,4  0,5  E     66    3    5      2017-03-19_13:30_UTC
 3:00p CLOUDY   DRIZZLE     3,5   1,8   3,3   3,5  -1,1   85   37    1   96   89    7  1304      -4,2   4,1   3,3                6,6  0,0   22   977  0,5  0,4  E     65    3    5      2017-03-19_14:00_UTC
 3:30p CLOUDY   PROB. DRZ   3,6   1,9   3,4   3,6  -1,8   85   42    1   95   89    6  1303      -4,3   4,1   3,4                6,6  0,0   27   977  0,3  0,3  E     63    3    5      2017-03-19_14:30_UTC
 4:00p CLOUDY   PROB. DRZ   3,8   1,9   3,8   3,8  -1,3   85   44    1   94   88    6  1304      -4,1   4,3   3,6                6,6  0,0   27   978  0,4  0,2  E     62    3    5      2017-03-19_15:00_UTC
 4:30p CLOUDY   CHNC. SHW   3,9   1,9   3,9   3,9  -1,1   85   45    1   94   87    6  1304      -4,1   4,4   3,7                6,6  0,0   27   978  0,5  0,1  E     61    3    5      2017-03-19_15:30_UTC
Showers very unlikely.....................................................................           
 5:00p M.C.-CLD CHNC. SHW   4,0   1,8   3,9   4,0  -1,0   85   46    1   93   86    6  1304      -4,0   4,4   3,8                6,6  0,0   27   978  0,6  0,1  E     60    3    5      2017-03-19_16:00_UTC
 5:30p CLOUDY   LIGHT RAI   3,9   1,7   3,7   3,9  -0,4   85   41    1   93   85    6  1305      -3,9   4,2   3,7                6,9  0,0   20   978  0,7  0,0  E     59    3    5      2017-03-19_16:30_UTC
 6:00p M.C.-CLD LIGHT RAI   3,5   1,6   3,2   3,5  -2,7   12   42    1   92   88    5  1301      -3,9   3,7   3,3                7,1  0,0   20   978  0,0  0,0  NNE   58    4    6      2017-03-19_17:00_UTC
No shower or thunderstorm activity expected...............................................           
 6:30p M.C.-CLD PROB. DRZ   3,1   1,6   2,7   3,1  -2,4   12   48    1   92   90    5  1301      -4,0   3,2   2,9                7,1  0,0   27   979  0,1  0,0  NNE   57    4    5      2017-03-19_17:30_UTC
 7:00p M.C.-CLD PROB. DRZ   2,9   1,5   2,4   2,9  -1,9   12   48    1   91   90    4  1302      -3,8   3,0   2,7                7,1  0,0   26   979  0,2  0,0  NNE   56    3    5      2017-03-19_18:00_UTC
 7:30p M.C.-CLD PROB. DRZ   2,7   1,4   2,1   2,7  -1,9   12   46    1   92   91    5  1302      -3,8   2,8   2,5                7,1  0,0   24   979  0,2  0,0  NNE   57    3    5      2017-03-19_18:30_UTC
 8:00p M.C.-CLD PROB. DRZ   2,6   1,3   1,8   2,6  -1,8   12   43    1   93   91    5  1301      -3,8   2,7   2,4                7,1  0,0   22   979  0,2  0,0  NNE   59    4    5      2017-03-19_19:00_UTC
 8:30p CLOUDY   LIGHT RAI   2,4   1,3   1,4   2,4  -1,4   12   34    1   93   92    5  1302      -3,6   2,5   2,2                7,4  0,0   14   980  0,3  0,0  NNE   61    3    5      2017-03-19_19:30_UTC
 9:00p CLOUDY   LT. RN/SN   2,1   1,3   0,9   2,1  -1,5   12   28    1   94   95    5  1301      -3,7   2,1   1,9                7,6  0,0  3,7   980  0,3  0,0  NNE   63    4    5      2017-03-19_20:00_UTC
 9:30p CLOUDY   PR. RN/SN   1,8   1,4   0,5   1,8  -2,0   12   27    1   95   97    5  1300      -3,8   1,9   1,6                8,1  0,0  5,1   980  0,2  0,0  NNE   65    4    5      2017-03-19_20:30_UTC
10:00p CLOUDY   PR. RN/SN   1,9   1,4   0,4   1,9  -1,8   12   26    2   95   96    6  1301      -3,6   2,0   1,7                8,1  0,0  4,7   981  0,3  0,0  NNE   67    4    5      2017-03-19_21:00_UTC
10:30p CLOUDY   PR. RN/SN   1,9   1,4   0,3   1,9  -1,8   12   25    2   96   96    6  1301      -3,6   2,0   1,7                8,1  0,0  4,8   981  0,3  0,0  NNE   68    4    5      2017-03-19_21:30_UTC
11:00p CLOUDY   PR. RN/SN   2,0   1,4   0,2   2,0  -1,8   12   25    2   96   96    6  1301      -3,6   2,0   1,8                8,1  0,0  5,2   981  0,4  0,0  NNE   69    4    6      2017-03-19_22:00_UTC
11:30p CLOUDY   LT. RN/SN   1,9   1,4   0,1   1,9  -1,3   12   20    2   96   96    6  1301      -3,5   2,0   1,7                8,1  0,0  1,7   981  0,5  0,0  NNE   70    4    5      2017-03-19_22:30_UTC
                                                                                                     
20 Mar ---------------------------------------------------------------------------------------       
                                          Monday                                                     
                                                                                                     
12:00a CLOUDY   LT. RN/SN   1,6   1,4  -0,4   1,6  -1,4   12   18    2   97   99    6  1301      -3,6   1,6   1,4                8,6  0,0  1,1   982  0,4  0,0  NNE   71    4    5      2017-03-19_23:00_UTC
12:30a CLOUDY   PR. RN/SN   1,4   1,3  -0,7   1,4  -1,9   12   19    2   97   99    6  1299      -3,8   1,5   1,2                9,1  0,0  2,3   982  0,3  0,0  NNE   72    4    6      2017-03-19_23:30_UTC
 1:00a CLOUDY   PR. RN/SN   1,5   1,3  -0,7   1,5  -1,8   12   19    2   97   99    6  1300      -3,7   1,6   1,3                9,1  0,0  2,4   982  0,3  0,0  NNE   73    4    6      2017-03-20_00:00_UTC
 1:30a CLOUDY   PR. RN/SN   1,6   1,3  -0,6   1,6  -1,8   12   20    2   97   98    6  1299      -3,7   1,7   1,4                9,1  0,0  2,8   983  0,4  0,0  NNE   73    5    6      2017-03-20_00:30_UTC
 2:00a CLOUDY   PR. RN/SN   1,7   1,3  -0,6   1,7  -1,8   12   20    2   97   97    6  1299      -3,7   1,8   1,5                9,1  0,0  3,0   983  0,4  0,0  NNE   74    5    6      2017-03-20_01:00_UTC
 2:30a CLOUDY   LT. RN/SN   1,7   1,2  -0,7   1,7  -1,4   12   17    2   97   96    6  1300      -3,7   1,8   1,5                9,4  0,0  1,3   983  0,5  0,0  NNE   75    5    6      2017-03-20_01:30_UTC
 3:00a CLOUDY   LT. RN/SN   1,5   1,2  -1,1   1,4  -1,6   12   16    2   97   98    6  1299      -3,8   1,5   1,2                9,9  0,0  1,0   984  0,4  0,0  NNE   75    5    6      2017-03-20_02:00_UTC
 3:30a CLOUDY   PR. SNW/R   1,3   1,1  -1,4   1,3  -2,1   12   18    2   97   99    6  1298      -4,0   1,3   1,1               10,4  0,0  2,3   984  0,3  0,0  NNE   76    5    6      2017-03-20_02:30_UTC
 4:00a CLOUDY   PR. SNW/R   1,4   1,1  -1,4   1,4  -2,1   12   19    2   97   98    6  1298      -3,9   1,4   1,2               10,4  0,0  2,8   984  0,3  0,0  NNE   76    5    6      2017-03-20_03:00_UTC
                                                                                                     
Nighttime lows and daytime highs:                                                                    
                                                                                                     
    Mon    Tue    Wed    Thu    Fri    Sat    Sun    Mon                                             
    13 Mar 14 Mar 15 Mar 16 Mar 17 Mar 18 Mar 19 Mar 20 Mar                                          
   |-2  4 | 0  7 | 0  7 |-1  8 | 1  7 | 1  6 | 0  5 | 1   M|                                         
                                                                                                     
Summary: (averages for dew pt, %rh, w.spd, %sc, and sn.dep)                                          
                                                                                                     
  DATE     MIN   MAX  DEW PT  %RH   W.SPD  RS.WS RS.WD  %SC  %V.S.T. SLR.EN   PTOT SN.DEP            
 13 Mar*  -1,5   4,0    0,6    95    3,0    2,6   194    75     49    1212    1,52  13,79            2017-03-20_03:00_UTC
 14 Mar   -0,4   6,6    1,2    88    4,0    3,8   225    73     65    1602    0,00  10,52            2017-03-20_03:00_UTC
 15 Mar    0,0   7,2    0,2    82    4,7    4,0   237     6     96    2989    0,00   4,78            2017-03-20_03:00_UTC
 16 Mar   -0,7   8,2    1,7    87    3,8    3,8   242    83     63    1663    0,00   0,59            2017-03-20_03:00_UTC
 17 Mar    1,1   7,3    0,5    80    4,4    4,4   238    63     73    2858    0,51   0,00            2017-03-20_03:00_UTC
 18 Mar    0,6   5,6    1,0    90    0,5    0,2   119    90     36    1972    3,05   0,00            2017-03-20_03:00_UTC
 19 Mar    0,5   4,5    1,2    94    0,7    0,6    50    90     39    1217    3,05   0,00            2017-03-20_03:00_UTC
 20 Mar*   1,0   1,9    1,2    98    2,1    2,1    12    97     18       0    2,29   0,01            2017-03-20_03:00_UTC
                                                                                                     
Units:                                                                                               
temperature: Celsius, precipitation: mm, snow: cm, wind: m/s                                         
thickness: meters, solar energy: Watt x hr/m^2, visibility: km                                       
Convective basis: N.W. European                                                                      
                                                                                                     
Comments (can be modified on Retrieved Data Plots form):                                             
WXSIM forecast for Drammen - Konnerud, initialized at  4:00   13 Mar, 2017                           
